(kicad_pcb (version 20171130) (host pcbnew 5.1.10)

  (general
    (thickness 1.6)
    (drawings 4)
    (tracks 198)
    (zones 0)
    (modules 15)
    (nets 23)
  )

  (page User 150.012 119.99)
  (layers
    (0 F.Cu signal)
    (31 B.Cu signal)
    (32 B.Adhes user)
    (33 F.Adhes user)
    (34 B.Paste user)
    (35 F.Paste user)
    (36 B.SilkS user)
    (37 F.SilkS user)
    (38 B.Mask user)
    (39 F.Mask user)
    (40 Dwgs.User user)
    (41 Cmts.User user)
    (42 Eco1.User user)
    (43 Eco2.User user)
    (44 Edge.Cuts user)
    (45 Margin user)
    (46 B.CrtYd user)
    (47 F.CrtYd user)
    (48 B.Fab user)
    (49 F.Fab user)
  )

  (setup
    (last_trace_width 0.6)
    (user_trace_width 0.3)
    (user_trace_width 0.4)
    (user_trace_width 0.6)
    (user_trace_width 0.8)
    (trace_clearance 0.2)
    (zone_clearance 0.508)
    (zone_45_only no)
    (trace_min 0.2)
    (via_size 0.8)
    (via_drill 0.4)
    (via_min_size 0.4)
    (via_min_drill 0.3)
    (user_via 1.5 0.7)
    (uvia_size 0.3)
    (uvia_drill 0.1)
    (uvias_allowed no)
    (uvia_min_size 0.2)
    (uvia_min_drill 0.1)
    (edge_width 0.5)
    (segment_width 0.2)
    (pcb_text_width 0.3)
    (pcb_text_size 1.5 1.5)
    (mod_edge_width 0.12)
    (mod_text_size 1 1)
    (mod_text_width 0.15)
    (pad_size 1.524 1.524)
    (pad_drill 0.762)
    (pad_to_mask_clearance 0)
    (aux_axis_origin 0 0)
    (visible_elements FFFFEF7F)
    (pcbplotparams
      (layerselection 0x010fc_ffffffff)
      (usegerberextensions false)
      (usegerberattributes true)
      (usegerberadvancedattributes true)
      (creategerberjobfile true)
      (excludeedgelayer true)
      (linewidth 0.100000)
      (plotframeref false)
      (viasonmask false)
      (mode 1)
      (useauxorigin false)
      (hpglpennumber 1)
      (hpglpenspeed 20)
      (hpglpendiameter 15.000000)
      (psnegative false)
      (psa4output false)
      (plotreference true)
      (plotvalue true)
      (plotinvisibletext false)
      (padsonsilk false)
      (subtractmaskfromsilk false)
      (outputformat 1)
      (mirror false)
      (drillshape 1)
      (scaleselection 1)
      (outputdirectory ""))
  )

  (net 0 "")
  (net 1 /LCD_SDA)
  (net 2 /LCD_SCL)
  (net 3 GND)
  (net 4 VDD)
  (net 5 /RST)
  (net 6 "Net-(U1-Pad2)")
  (net 7 /EN)
  (net 8 "Net-(U1-Pad4)")
  (net 9 "Net-(U1-Pad9)")
  (net 10 "Net-(U1-Pad10)")
  (net 11 "Net-(U1-Pad11)")
  (net 12 "Net-(U1-Pad12)")
  (net 13 "Net-(U1-Pad13)")
  (net 14 "Net-(U1-Pad14)")
  (net 15 /P15)
  (net 16 /P2)
  (net 17 /P0)
  (net 18 /RX)
  (net 19 /TX)
  (net 20 /BTN_WIFI)
  (net 21 /BTN_PAGE)
  (net 22 /BTN_SEND)

  (net_class Default "This is the default net class."
    (clearance 0.2)
    (trace_width 0.25)
    (via_dia 0.8)
    (via_drill 0.4)
    (uvia_dia 0.3)
    (uvia_drill 0.1)
    (add_net /BTN_PAGE)
    (add_net /BTN_SEND)
    (add_net /BTN_WIFI)
    (add_net /EN)
    (add_net /LCD_SCL)
    (add_net /LCD_SDA)
    (add_net /P0)
    (add_net /P15)
    (add_net /P2)
    (add_net /RST)
    (add_net /RX)
    (add_net /TX)
    (add_net GND)
    (add_net "Net-(U1-Pad10)")
    (add_net "Net-(U1-Pad11)")
    (add_net "Net-(U1-Pad12)")
    (add_net "Net-(U1-Pad13)")
    (add_net "Net-(U1-Pad14)")
    (add_net "Net-(U1-Pad2)")
    (add_net "Net-(U1-Pad4)")
    (add_net "Net-(U1-Pad9)")
    (add_net VDD)
  )

  (module SSD1306:128x64OLED (layer F.Cu) (tedit 5CF23EAC) (tstamp 61EABDFE)
    (at 102.5 37.3 90)
    (path /61EA6811)
    (fp_text reference Brd1 (at 0 0.254 90) (layer F.SilkS)
      (effects (font (size 1 1) (thickness 0.15)))
    )
    (fp_text value SSD1306 (at -7.747 -7.62 90) (layer F.Fab)
      (effects (font (size 1 1) (thickness 0.15)))
    )
    (fp_line (start -13.4 -12.3) (end 14 -12.3) (layer F.SilkS) (width 0.12))
    (fp_line (start 14 -12.3) (end 14 15) (layer F.SilkS) (width 0.12))
    (fp_line (start 14 15) (end -13.4 15) (layer F.SilkS) (width 0.12))
    (fp_line (start -13.4 15) (end -13.4 -12.3) (layer F.SilkS) (width 0.12))
    (fp_line (start 10.122 7.595) (end -12.978 7.595) (layer F.SilkS) (width 0.12))
    (fp_line (start -12.978 7.595) (end -12.978 -9.005) (layer F.SilkS) (width 0.12))
    (fp_line (start -12.978 -9.005) (end 10.122 -9.005) (layer F.SilkS) (width 0.12))
    (fp_line (start -4.699 -11.811) (end 5.08 -11.811) (layer F.SilkS) (width 0.12))
    (fp_line (start 5.08 -11.811) (end 5.08 -9.398) (layer F.SilkS) (width 0.12))
    (fp_line (start 5.08 -9.398) (end -4.699 -9.398) (layer F.SilkS) (width 0.12))
    (fp_line (start -4.699 -11.811) (end -4.699 -9.398) (layer F.SilkS) (width 0.12))
    (fp_line (start 10.122 -9.005) (end 13.208 -9.005) (layer F.SilkS) (width 0.12))
    (fp_line (start 10.122 7.595) (end 13.462 7.62) (layer F.SilkS) (width 0.12))
    (fp_line (start 13.462 7.62) (end 13.462 -9.017) (layer F.SilkS) (width 0.12))
    (fp_line (start 13.462 -9.017) (end 13.208 -9.005) (layer F.SilkS) (width 0.12))
    (pad 4 thru_hole oval (at 4 -10.6 180) (size 2 1.6) (drill 1) (layers *.Cu *.Mask)
      (net 1 /LCD_SDA))
    (pad 3 thru_hole oval (at 1.46 -10.6 180) (size 2 1.6) (drill 1) (layers *.Cu *.Mask)
      (net 2 /LCD_SCL))
    (pad 1 thru_hole oval (at -3.62 -10.6 180) (size 2 1.6) (drill 1) (layers *.Cu *.Mask)
      (net 3 GND))
    (pad 2 thru_hole oval (at -1.08 -10.6 180) (size 2 1.6) (drill 1) (layers *.Cu *.Mask)
      (net 4 VDD))
    (model ${KIPRJMOD}/libraries/ssd1306/OLED_128x64.stp
      (offset (xyz 34.5 3.5 1.5))
      (scale (xyz 1 1 1))
      (rotate (xyz 0 0 0))
    )
  )

  (module RF_Module:ESP-12E (layer F.Cu) (tedit 5A030172) (tstamp 61EABE39)
    (at 79.8 36.2)
    (descr "Wi-Fi Module, http://wiki.ai-thinker.com/_media/esp8266/docs/aithinker_esp_12f_datasheet_en.pdf")
    (tags "Wi-Fi Module")
    (path /61EA2764)
    (attr smd)
    (fp_text reference U1 (at -10.56 -5.26) (layer F.SilkS)
      (effects (font (size 1 1) (thickness 0.15)))
    )
    (fp_text value ESP-12E (at -0.06 -12.78) (layer F.Fab)
      (effects (font (size 1 1) (thickness 0.15)))
    )
    (fp_line (start 5.56 -4.8) (end 8.12 -7.36) (layer Dwgs.User) (width 0.12))
    (fp_line (start 2.56 -4.8) (end 8.12 -10.36) (layer Dwgs.User) (width 0.12))
    (fp_line (start -0.44 -4.8) (end 6.88 -12.12) (layer Dwgs.User) (width 0.12))
    (fp_line (start -3.44 -4.8) (end 3.88 -12.12) (layer Dwgs.User) (width 0.12))
    (fp_line (start -6.44 -4.8) (end 0.88 -12.12) (layer Dwgs.User) (width 0.12))
    (fp_line (start -8.12 -6.12) (end -2.12 -12.12) (layer Dwgs.User) (width 0.12))
    (fp_line (start -8.12 -9.12) (end -5.12 -12.12) (layer Dwgs.User) (width 0.12))
    (fp_line (start -8.12 -4.8) (end -8.12 -12.12) (layer Dwgs.User) (width 0.12))
    (fp_line (start 8.12 -4.8) (end -8.12 -4.8) (layer Dwgs.User) (width 0.12))
    (fp_line (start 8.12 -12.12) (end 8.12 -4.8) (layer Dwgs.User) (width 0.12))
    (fp_line (start -8.12 -12.12) (end 8.12 -12.12) (layer Dwgs.User) (width 0.12))
    (fp_line (start -8.12 -4.5) (end -8.73 -4.5) (layer F.SilkS) (width 0.12))
    (fp_line (start -8.12 -4.5) (end -8.12 -12.12) (layer F.SilkS) (width 0.12))
    (fp_line (start -8.12 12.12) (end -8.12 11.5) (layer F.SilkS) (width 0.12))
    (fp_line (start -6 12.12) (end -8.12 12.12) (layer F.SilkS) (width 0.12))
    (fp_line (start 8.12 12.12) (end 6 12.12) (layer F.SilkS) (width 0.12))
    (fp_line (start 8.12 11.5) (end 8.12 12.12) (layer F.SilkS) (width 0.12))
    (fp_line (start 8.12 -12.12) (end 8.12 -4.5) (layer F.SilkS) (width 0.12))
    (fp_line (start -8.12 -12.12) (end 8.12 -12.12) (layer F.SilkS) (width 0.12))
    (fp_line (start -9.05 13.1) (end -9.05 -12.2) (layer F.CrtYd) (width 0.05))
    (fp_line (start 9.05 13.1) (end -9.05 13.1) (layer F.CrtYd) (width 0.05))
    (fp_line (start 9.05 -12.2) (end 9.05 13.1) (layer F.CrtYd) (width 0.05))
    (fp_line (start -9.05 -12.2) (end 9.05 -12.2) (layer F.CrtYd) (width 0.05))
    (fp_line (start -8 -4) (end -8 -12) (layer F.Fab) (width 0.12))
    (fp_line (start -7.5 -3.5) (end -8 -4) (layer F.Fab) (width 0.12))
    (fp_line (start -8 -3) (end -7.5 -3.5) (layer F.Fab) (width 0.12))
    (fp_line (start -8 12) (end -8 -3) (layer F.Fab) (width 0.12))
    (fp_line (start 8 12) (end -8 12) (layer F.Fab) (width 0.12))
    (fp_line (start 8 -12) (end 8 12) (layer F.Fab) (width 0.12))
    (fp_line (start -8 -12) (end 8 -12) (layer F.Fab) (width 0.12))
    (fp_text user Antenna (at -0.06 -7 180) (layer Cmts.User)
      (effects (font (size 1 1) (thickness 0.15)))
    )
    (fp_text user "KEEP-OUT ZONE" (at 0.03 -9.55 180) (layer Cmts.User)
      (effects (font (size 1 1) (thickness 0.15)))
    )
    (fp_text user %R (at 0.49 -0.8) (layer F.Fab)
      (effects (font (size 1 1) (thickness 0.15)))
    )
    (pad 1 smd rect (at -7.6 -3.5) (size 2.5 1) (layers F.Cu F.Paste F.Mask)
      (net 5 /RST))
    (pad 2 smd rect (at -7.6 -1.5) (size 2.5 1) (layers F.Cu F.Paste F.Mask)
      (net 6 "Net-(U1-Pad2)"))
    (pad 3 smd rect (at -7.6 0.5) (size 2.5 1) (layers F.Cu F.Paste F.Mask)
      (net 7 /EN))
    (pad 4 smd rect (at -7.6 2.5) (size 2.5 1) (layers F.Cu F.Paste F.Mask)
      (net 8 "Net-(U1-Pad4)"))
    (pad 5 smd rect (at -7.6 4.5) (size 2.5 1) (layers F.Cu F.Paste F.Mask)
      (net 21 /BTN_PAGE))
    (pad 6 smd rect (at -7.6 6.5) (size 2.5 1) (layers F.Cu F.Paste F.Mask)
      (net 20 /BTN_WIFI))
    (pad 7 smd rect (at -7.6 8.5) (size 2.5 1) (layers F.Cu F.Paste F.Mask)
      (net 22 /BTN_SEND))
    (pad 8 smd rect (at -7.6 10.5) (size 2.5 1) (layers F.Cu F.Paste F.Mask)
      (net 4 VDD))
    (pad 9 smd rect (at -5 12) (size 1 1.8) (layers F.Cu F.Paste F.Mask)
      (net 9 "Net-(U1-Pad9)"))
    (pad 10 smd rect (at -3 12) (size 1 1.8) (layers F.Cu F.Paste F.Mask)
      (net 10 "Net-(U1-Pad10)"))
    (pad 11 smd rect (at -1 12) (size 1 1.8) (layers F.Cu F.Paste F.Mask)
      (net 11 "Net-(U1-Pad11)"))
    (pad 12 smd rect (at 1 12) (size 1 1.8) (layers F.Cu F.Paste F.Mask)
      (net 12 "Net-(U1-Pad12)"))
    (pad 13 smd rect (at 3 12) (size 1 1.8) (layers F.Cu F.Paste F.Mask)
      (net 13 "Net-(U1-Pad13)"))
    (pad 14 smd rect (at 5 12) (size 1 1.8) (layers F.Cu F.Paste F.Mask)
      (net 14 "Net-(U1-Pad14)"))
    (pad 15 smd rect (at 7.6 10.5) (size 2.5 1) (layers F.Cu F.Paste F.Mask)
      (net 3 GND))
    (pad 16 smd rect (at 7.6 8.5) (size 2.5 1) (layers F.Cu F.Paste F.Mask)
      (net 15 /P15))
    (pad 17 smd rect (at 7.6 6.5) (size 2.5 1) (layers F.Cu F.Paste F.Mask)
      (net 16 /P2))
    (pad 18 smd rect (at 7.6 4.5) (size 2.5 1) (layers F.Cu F.Paste F.Mask)
      (net 17 /P0))
    (pad 19 smd rect (at 7.6 2.5) (size 2.5 1) (layers F.Cu F.Paste F.Mask)
      (net 1 /LCD_SDA))
    (pad 20 smd rect (at 7.6 0.5) (size 2.5 1) (layers F.Cu F.Paste F.Mask)
      (net 2 /LCD_SCL))
    (pad 21 smd rect (at 7.6 -1.5) (size 2.5 1) (layers F.Cu F.Paste F.Mask)
      (net 18 /RX))
    (pad 22 smd rect (at 7.6 -3.5) (size 2.5 1) (layers F.Cu F.Paste F.Mask)
      (net 19 /TX))
    (model ${KISYS3DMOD}/RF_Module.3dshapes/ESP-12E.wrl
      (at (xyz 0 0 0))
      (scale (xyz 1 1 1))
      (rotate (xyz 0 0 0))
    )
  )

  (module Connector_PinHeader_2.54mm:PinHeader_1x06_P2.54mm_Vertical (layer F.Cu) (tedit 59FED5CC) (tstamp 61EAC1CB)
    (at 74.1 52.8 90)
    (descr "Through hole straight pin header, 1x06, 2.54mm pitch, single row")
    (tags "Through hole pin header THT 1x06 2.54mm single row")
    (path /61EA607B)
    (fp_text reference J-PROG1 (at 0 -2.33 90) (layer F.SilkS)
      (effects (font (size 1 1) (thickness 0.15)))
    )
    (fp_text value Conn_01x06_Male (at 0 15.03 90) (layer F.Fab)
      (effects (font (size 1 1) (thickness 0.15)))
    )
    (fp_line (start -0.635 -1.27) (end 1.27 -1.27) (layer F.Fab) (width 0.1))
    (fp_line (start 1.27 -1.27) (end 1.27 13.97) (layer F.Fab) (width 0.1))
    (fp_line (start 1.27 13.97) (end -1.27 13.97) (layer F.Fab) (width 0.1))
    (fp_line (start -1.27 13.97) (end -1.27 -0.635) (layer F.Fab) (width 0.1))
    (fp_line (start -1.27 -0.635) (end -0.635 -1.27) (layer F.Fab) (width 0.1))
    (fp_line (start -1.33 14.03) (end 1.33 14.03) (layer F.SilkS) (width 0.12))
    (fp_line (start -1.33 1.27) (end -1.33 14.03) (layer F.SilkS) (width 0.12))
    (fp_line (start 1.33 1.27) (end 1.33 14.03) (layer F.SilkS) (width 0.12))
    (fp_line (start -1.33 1.27) (end 1.33 1.27) (layer F.SilkS) (width 0.12))
    (fp_line (start -1.33 0) (end -1.33 -1.33) (layer F.SilkS) (width 0.12))
    (fp_line (start -1.33 -1.33) (end 0 -1.33) (layer F.SilkS) (width 0.12))
    (fp_line (start -1.8 -1.8) (end -1.8 14.5) (layer F.CrtYd) (width 0.05))
    (fp_line (start -1.8 14.5) (end 1.8 14.5) (layer F.CrtYd) (width 0.05))
    (fp_line (start 1.8 14.5) (end 1.8 -1.8) (layer F.CrtYd) (width 0.05))
    (fp_line (start 1.8 -1.8) (end -1.8 -1.8) (layer F.CrtYd) (width 0.05))
    (fp_text user %R (at 0 6.35) (layer F.Fab)
      (effects (font (size 1 1) (thickness 0.15)))
    )
    (pad 1 thru_hole rect (at 0 0 90) (size 1.7 1.7) (drill 1) (layers *.Cu *.Mask)
      (net 4 VDD))
    (pad 2 thru_hole oval (at 0 2.54 90) (size 1.7 1.7) (drill 1) (layers *.Cu *.Mask)
      (net 17 /P0))
    (pad 3 thru_hole oval (at 0 5.08 90) (size 1.7 1.7) (drill 1) (layers *.Cu *.Mask)
      (net 5 /RST))
    (pad 4 thru_hole oval (at 0 7.62 90) (size 1.7 1.7) (drill 1) (layers *.Cu *.Mask)
      (net 18 /RX))
    (pad 5 thru_hole oval (at 0 10.16 90) (size 1.7 1.7) (drill 1) (layers *.Cu *.Mask)
      (net 19 /TX))
    (pad 6 thru_hole oval (at 0 12.7 90) (size 1.7 1.7) (drill 1) (layers *.Cu *.Mask)
      (net 3 GND))
    (model ${KISYS3DMOD}/Connector_PinHeader_2.54mm.3dshapes/PinHeader_1x06_P2.54mm_Vertical.wrl
      (at (xyz 0 0 0))
      (scale (xyz 1 1 1))
      (rotate (xyz 0 0 0))
    )
  )

  (module Resistor_SMD:R_0805_2012Metric_Pad1.20x1.40mm_HandSolder (layer B.Cu) (tedit 5F68FEEE) (tstamp 61EAC1DC)
    (at 86.3 40.6)
    (descr "Resistor SMD 0805 (2012 Metric), square (rectangular) end terminal, IPC_7351 nominal with elongated pad for handsoldering. (Body size source: IPC-SM-782 page 72, https://www.pcb-3d.com/wordpress/wp-content/uploads/ipc-sm-782a_amendment_1_and_2.pdf), generated with kicad-footprint-generator")
    (tags "resistor handsolder")
    (path /61EAE2A0)
    (attr smd)
    (fp_text reference R-PROG1 (at 0 1.65) (layer B.SilkS)
      (effects (font (size 1 1) (thickness 0.15)) (justify mirror))
    )
    (fp_text value 10K (at 0 -1.65) (layer B.Fab)
      (effects (font (size 1 1) (thickness 0.15)) (justify mirror))
    )
    (fp_line (start -1 -0.625) (end -1 0.625) (layer B.Fab) (width 0.1))
    (fp_line (start -1 0.625) (end 1 0.625) (layer B.Fab) (width 0.1))
    (fp_line (start 1 0.625) (end 1 -0.625) (layer B.Fab) (width 0.1))
    (fp_line (start 1 -0.625) (end -1 -0.625) (layer B.Fab) (width 0.1))
    (fp_line (start -0.227064 0.735) (end 0.227064 0.735) (layer B.SilkS) (width 0.12))
    (fp_line (start -0.227064 -0.735) (end 0.227064 -0.735) (layer B.SilkS) (width 0.12))
    (fp_line (start -1.85 -0.95) (end -1.85 0.95) (layer B.CrtYd) (width 0.05))
    (fp_line (start -1.85 0.95) (end 1.85 0.95) (layer B.CrtYd) (width 0.05))
    (fp_line (start 1.85 0.95) (end 1.85 -0.95) (layer B.CrtYd) (width 0.05))
    (fp_line (start 1.85 -0.95) (end -1.85 -0.95) (layer B.CrtYd) (width 0.05))
    (fp_text user %R (at 0 0) (layer B.Fab)
      (effects (font (size 0.5 0.5) (thickness 0.08)) (justify mirror))
    )
    (pad 1 smd roundrect (at -1 0) (size 1.2 1.4) (layers B.Cu B.Paste B.Mask) (roundrect_rratio 0.208333)
      (net 17 /P0))
    (pad 2 smd roundrect (at 1 0) (size 1.2 1.4) (layers B.Cu B.Paste B.Mask) (roundrect_rratio 0.208333)
      (net 4 VDD))
    (model ${KISYS3DMOD}/Resistor_SMD.3dshapes/R_0805_2012Metric.wrl
      (at (xyz 0 0 0))
      (scale (xyz 1 1 1))
      (rotate (xyz 0 0 0))
    )
  )

  (module Resistor_SMD:R_0805_2012Metric_Pad1.20x1.40mm_HandSolder (layer B.Cu) (tedit 5F68FEEE) (tstamp 61EAC1ED)
    (at 86.3 42.6)
    (descr "Resistor SMD 0805 (2012 Metric), square (rectangular) end terminal, IPC_7351 nominal with elongated pad for handsoldering. (Body size source: IPC-SM-782 page 72, https://www.pcb-3d.com/wordpress/wp-content/uploads/ipc-sm-782a_amendment_1_and_2.pdf), generated with kicad-footprint-generator")
    (tags "resistor handsolder")
    (path /61EB8099)
    (attr smd)
    (fp_text reference R-PROG2 (at 0 1.65) (layer B.SilkS)
      (effects (font (size 1 1) (thickness 0.15)) (justify mirror))
    )
    (fp_text value 10K (at 0 -1.65) (layer B.Fab)
      (effects (font (size 1 1) (thickness 0.15)) (justify mirror))
    )
    (fp_line (start 1.85 -0.95) (end -1.85 -0.95) (layer B.CrtYd) (width 0.05))
    (fp_line (start 1.85 0.95) (end 1.85 -0.95) (layer B.CrtYd) (width 0.05))
    (fp_line (start -1.85 0.95) (end 1.85 0.95) (layer B.CrtYd) (width 0.05))
    (fp_line (start -1.85 -0.95) (end -1.85 0.95) (layer B.CrtYd) (width 0.05))
    (fp_line (start -0.227064 -0.735) (end 0.227064 -0.735) (layer B.SilkS) (width 0.12))
    (fp_line (start -0.227064 0.735) (end 0.227064 0.735) (layer B.SilkS) (width 0.12))
    (fp_line (start 1 -0.625) (end -1 -0.625) (layer B.Fab) (width 0.1))
    (fp_line (start 1 0.625) (end 1 -0.625) (layer B.Fab) (width 0.1))
    (fp_line (start -1 0.625) (end 1 0.625) (layer B.Fab) (width 0.1))
    (fp_line (start -1 -0.625) (end -1 0.625) (layer B.Fab) (width 0.1))
    (fp_text user %R (at 0 0) (layer B.Fab)
      (effects (font (size 0.5 0.5) (thickness 0.08)) (justify mirror))
    )
    (pad 2 smd roundrect (at 1 0) (size 1.2 1.4) (layers B.Cu B.Paste B.Mask) (roundrect_rratio 0.208333)
      (net 4 VDD))
    (pad 1 smd roundrect (at -1 0) (size 1.2 1.4) (layers B.Cu B.Paste B.Mask) (roundrect_rratio 0.208333)
      (net 16 /P2))
    (model ${KISYS3DMOD}/Resistor_SMD.3dshapes/R_0805_2012Metric.wrl
      (at (xyz 0 0 0))
      (scale (xyz 1 1 1))
      (rotate (xyz 0 0 0))
    )
  )

  (module Resistor_SMD:R_0805_2012Metric_Pad1.20x1.40mm_HandSolder (layer B.Cu) (tedit 5F68FEEE) (tstamp 61EAC1FE)
    (at 73.2 34.8 180)
    (descr "Resistor SMD 0805 (2012 Metric), square (rectangular) end terminal, IPC_7351 nominal with elongated pad for handsoldering. (Body size source: IPC-SM-782 page 72, https://www.pcb-3d.com/wordpress/wp-content/uploads/ipc-sm-782a_amendment_1_and_2.pdf), generated with kicad-footprint-generator")
    (tags "resistor handsolder")
    (path /61EB8424)
    (attr smd)
    (fp_text reference R-PROG3 (at 0 1.65) (layer B.SilkS)
      (effects (font (size 1 1) (thickness 0.15)) (justify mirror))
    )
    (fp_text value 10K (at 0 -1.65) (layer B.Fab)
      (effects (font (size 1 1) (thickness 0.15)) (justify mirror))
    )
    (fp_line (start -1 -0.625) (end -1 0.625) (layer B.Fab) (width 0.1))
    (fp_line (start -1 0.625) (end 1 0.625) (layer B.Fab) (width 0.1))
    (fp_line (start 1 0.625) (end 1 -0.625) (layer B.Fab) (width 0.1))
    (fp_line (start 1 -0.625) (end -1 -0.625) (layer B.Fab) (width 0.1))
    (fp_line (start -0.227064 0.735) (end 0.227064 0.735) (layer B.SilkS) (width 0.12))
    (fp_line (start -0.227064 -0.735) (end 0.227064 -0.735) (layer B.SilkS) (width 0.12))
    (fp_line (start -1.85 -0.95) (end -1.85 0.95) (layer B.CrtYd) (width 0.05))
    (fp_line (start -1.85 0.95) (end 1.85 0.95) (layer B.CrtYd) (width 0.05))
    (fp_line (start 1.85 0.95) (end 1.85 -0.95) (layer B.CrtYd) (width 0.05))
    (fp_line (start 1.85 -0.95) (end -1.85 -0.95) (layer B.CrtYd) (width 0.05))
    (fp_text user %R (at 0 0) (layer B.Fab)
      (effects (font (size 0.5 0.5) (thickness 0.08)) (justify mirror))
    )
    (pad 1 smd roundrect (at -1 0 180) (size 1.2 1.4) (layers B.Cu B.Paste B.Mask) (roundrect_rratio 0.208333)
      (net 7 /EN))
    (pad 2 smd roundrect (at 1 0 180) (size 1.2 1.4) (layers B.Cu B.Paste B.Mask) (roundrect_rratio 0.208333)
      (net 4 VDD))
    (model ${KISYS3DMOD}/Resistor_SMD.3dshapes/R_0805_2012Metric.wrl
      (at (xyz 0 0 0))
      (scale (xyz 1 1 1))
      (rotate (xyz 0 0 0))
    )
  )

  (module Resistor_SMD:R_0805_2012Metric_Pad1.20x1.40mm_HandSolder (layer B.Cu) (tedit 5F68FEEE) (tstamp 61EAC20F)
    (at 73.2 32.7 180)
    (descr "Resistor SMD 0805 (2012 Metric), square (rectangular) end terminal, IPC_7351 nominal with elongated pad for handsoldering. (Body size source: IPC-SM-782 page 72, https://www.pcb-3d.com/wordpress/wp-content/uploads/ipc-sm-782a_amendment_1_and_2.pdf), generated with kicad-footprint-generator")
    (tags "resistor handsolder")
    (path /61EB8A92)
    (attr smd)
    (fp_text reference R-PROG4 (at 0 1.65 180) (layer B.SilkS)
      (effects (font (size 1 1) (thickness 0.15)) (justify mirror))
    )
    (fp_text value 10K (at 0 -1.65 180) (layer B.Fab)
      (effects (font (size 1 1) (thickness 0.15)) (justify mirror))
    )
    (fp_line (start 1.85 -0.95) (end -1.85 -0.95) (layer B.CrtYd) (width 0.05))
    (fp_line (start 1.85 0.95) (end 1.85 -0.95) (layer B.CrtYd) (width 0.05))
    (fp_line (start -1.85 0.95) (end 1.85 0.95) (layer B.CrtYd) (width 0.05))
    (fp_line (start -1.85 -0.95) (end -1.85 0.95) (layer B.CrtYd) (width 0.05))
    (fp_line (start -0.227064 -0.735) (end 0.227064 -0.735) (layer B.SilkS) (width 0.12))
    (fp_line (start -0.227064 0.735) (end 0.227064 0.735) (layer B.SilkS) (width 0.12))
    (fp_line (start 1 -0.625) (end -1 -0.625) (layer B.Fab) (width 0.1))
    (fp_line (start 1 0.625) (end 1 -0.625) (layer B.Fab) (width 0.1))
    (fp_line (start -1 0.625) (end 1 0.625) (layer B.Fab) (width 0.1))
    (fp_line (start -1 -0.625) (end -1 0.625) (layer B.Fab) (width 0.1))
    (fp_text user %R (at 0 0 180) (layer B.Fab)
      (effects (font (size 0.5 0.5) (thickness 0.08)) (justify mirror))
    )
    (pad 2 smd roundrect (at 1 0 180) (size 1.2 1.4) (layers B.Cu B.Paste B.Mask) (roundrect_rratio 0.208333)
      (net 4 VDD))
    (pad 1 smd roundrect (at -1 0 180) (size 1.2 1.4) (layers B.Cu B.Paste B.Mask) (roundrect_rratio 0.208333)
      (net 5 /RST))
    (model ${KISYS3DMOD}/Resistor_SMD.3dshapes/R_0805_2012Metric.wrl
      (at (xyz 0 0 0))
      (scale (xyz 1 1 1))
      (rotate (xyz 0 0 0))
    )
  )

  (module Resistor_SMD:R_0805_2012Metric_Pad1.20x1.40mm_HandSolder (layer B.Cu) (tedit 5F68FEEE) (tstamp 61EAC220)
    (at 86.3 44.7)
    (descr "Resistor SMD 0805 (2012 Metric), square (rectangular) end terminal, IPC_7351 nominal with elongated pad for handsoldering. (Body size source: IPC-SM-782 page 72, https://www.pcb-3d.com/wordpress/wp-content/uploads/ipc-sm-782a_amendment_1_and_2.pdf), generated with kicad-footprint-generator")
    (tags "resistor handsolder")
    (path /61EB8B5C)
    (attr smd)
    (fp_text reference R-PROG5 (at 0 1.65) (layer B.SilkS)
      (effects (font (size 1 1) (thickness 0.15)) (justify mirror))
    )
    (fp_text value 10K (at 0 -1.65) (layer B.Fab)
      (effects (font (size 1 1) (thickness 0.15)) (justify mirror))
    )
    (fp_line (start -1 -0.625) (end -1 0.625) (layer B.Fab) (width 0.1))
    (fp_line (start -1 0.625) (end 1 0.625) (layer B.Fab) (width 0.1))
    (fp_line (start 1 0.625) (end 1 -0.625) (layer B.Fab) (width 0.1))
    (fp_line (start 1 -0.625) (end -1 -0.625) (layer B.Fab) (width 0.1))
    (fp_line (start -0.227064 0.735) (end 0.227064 0.735) (layer B.SilkS) (width 0.12))
    (fp_line (start -0.227064 -0.735) (end 0.227064 -0.735) (layer B.SilkS) (width 0.12))
    (fp_line (start -1.85 -0.95) (end -1.85 0.95) (layer B.CrtYd) (width 0.05))
    (fp_line (start -1.85 0.95) (end 1.85 0.95) (layer B.CrtYd) (width 0.05))
    (fp_line (start 1.85 0.95) (end 1.85 -0.95) (layer B.CrtYd) (width 0.05))
    (fp_line (start 1.85 -0.95) (end -1.85 -0.95) (layer B.CrtYd) (width 0.05))
    (fp_text user %R (at 0 0) (layer B.Fab)
      (effects (font (size 0.5 0.5) (thickness 0.08)) (justify mirror))
    )
    (pad 1 smd roundrect (at -1 0) (size 1.2 1.4) (layers B.Cu B.Paste B.Mask) (roundrect_rratio 0.208333)
      (net 15 /P15))
    (pad 2 smd roundrect (at 1 0) (size 1.2 1.4) (layers B.Cu B.Paste B.Mask) (roundrect_rratio 0.208333)
      (net 3 GND))
    (model ${KISYS3DMOD}/Resistor_SMD.3dshapes/R_0805_2012Metric.wrl
      (at (xyz 0 0 0))
      (scale (xyz 1 1 1))
      (rotate (xyz 0 0 0))
    )
  )

  (module Connector_Molex:Molex_KK-254_AE-6410-03A_1x03_P2.54mm_Vertical (layer F.Cu) (tedit 5EA53D3B) (tstamp 61F00982)
    (at 79.1 58.4)
    (descr "Molex KK-254 Interconnect System, old/engineering part number: AE-6410-03A example for new part number: 22-27-2031, 3 Pins (http://www.molex.com/pdm_docs/sd/022272021_sd.pdf), generated with kicad-footprint-generator")
    (tags "connector Molex KK-254 vertical")
    (path /61F86F00)
    (fp_text reference J-STM32UART1 (at 2.54 -4.12) (layer F.SilkS)
      (effects (font (size 1 1) (thickness 0.15)))
    )
    (fp_text value Conn_01x03_Male (at 2.54 4.08) (layer F.Fab)
      (effects (font (size 1 1) (thickness 0.15)))
    )
    (fp_line (start 6.85 -3.42) (end -1.77 -3.42) (layer F.CrtYd) (width 0.05))
    (fp_line (start 6.85 3.38) (end 6.85 -3.42) (layer F.CrtYd) (width 0.05))
    (fp_line (start -1.77 3.38) (end 6.85 3.38) (layer F.CrtYd) (width 0.05))
    (fp_line (start -1.77 -3.42) (end -1.77 3.38) (layer F.CrtYd) (width 0.05))
    (fp_line (start 5.88 -2.43) (end 5.88 -3.03) (layer F.SilkS) (width 0.12))
    (fp_line (start 4.28 -2.43) (end 5.88 -2.43) (layer F.SilkS) (width 0.12))
    (fp_line (start 4.28 -3.03) (end 4.28 -2.43) (layer F.SilkS) (width 0.12))
    (fp_line (start 3.34 -2.43) (end 3.34 -3.03) (layer F.SilkS) (width 0.12))
    (fp_line (start 1.74 -2.43) (end 3.34 -2.43) (layer F.SilkS) (width 0.12))
    (fp_line (start 1.74 -3.03) (end 1.74 -2.43) (layer F.SilkS) (width 0.12))
    (fp_line (start 0.8 -2.43) (end 0.8 -3.03) (layer F.SilkS) (width 0.12))
    (fp_line (start -0.8 -2.43) (end 0.8 -2.43) (layer F.SilkS) (width 0.12))
    (fp_line (start -0.8 -3.03) (end -0.8 -2.43) (layer F.SilkS) (width 0.12))
    (fp_line (start 4.83 2.99) (end 4.83 1.99) (layer F.SilkS) (width 0.12))
    (fp_line (start 0.25 2.99) (end 0.25 1.99) (layer F.SilkS) (width 0.12))
    (fp_line (start 4.83 1.46) (end 5.08 1.99) (layer F.SilkS) (width 0.12))
    (fp_line (start 0.25 1.46) (end 4.83 1.46) (layer F.SilkS) (width 0.12))
    (fp_line (start 0 1.99) (end 0.25 1.46) (layer F.SilkS) (width 0.12))
    (fp_line (start 5.08 1.99) (end 5.08 2.99) (layer F.SilkS) (width 0.12))
    (fp_line (start 0 1.99) (end 5.08 1.99) (layer F.SilkS) (width 0.12))
    (fp_line (start 0 2.99) (end 0 1.99) (layer F.SilkS) (width 0.12))
    (fp_line (start -0.562893 0) (end -1.27 0.5) (layer F.Fab) (width 0.1))
    (fp_line (start -1.27 -0.5) (end -0.562893 0) (layer F.Fab) (width 0.1))
    (fp_line (start -1.67 -2) (end -1.67 2) (layer F.SilkS) (width 0.12))
    (fp_line (start 6.46 -3.03) (end -1.38 -3.03) (layer F.SilkS) (width 0.12))
    (fp_line (start 6.46 2.99) (end 6.46 -3.03) (layer F.SilkS) (width 0.12))
    (fp_line (start -1.38 2.99) (end 6.46 2.99) (layer F.SilkS) (width 0.12))
    (fp_line (start -1.38 -3.03) (end -1.38 2.99) (layer F.SilkS) (width 0.12))
    (fp_line (start 6.35 -2.92) (end -1.27 -2.92) (layer F.Fab) (width 0.1))
    (fp_line (start 6.35 2.88) (end 6.35 -2.92) (layer F.Fab) (width 0.1))
    (fp_line (start -1.27 2.88) (end 6.35 2.88) (layer F.Fab) (width 0.1))
    (fp_line (start -1.27 -2.92) (end -1.27 2.88) (layer F.Fab) (width 0.1))
    (fp_text user %R (at 2.54 -2.22) (layer F.Fab)
      (effects (font (size 1 1) (thickness 0.15)))
    )
    (pad 1 thru_hole roundrect (at 0 0) (size 1.74 2.19) (drill 1.19) (layers *.Cu *.Mask) (roundrect_rratio 0.143678)
      (net 3 GND))
    (pad 2 thru_hole oval (at 2.54 0) (size 1.74 2.19) (drill 1.19) (layers *.Cu *.Mask)
      (net 18 /RX))
    (pad 3 thru_hole oval (at 5.08 0) (size 1.74 2.19) (drill 1.19) (layers *.Cu *.Mask)
      (net 19 /TX))
    (model ${KISYS3DMOD}/Connector_Molex.3dshapes/Molex_KK-254_AE-6410-03A_1x03_P2.54mm_Vertical.wrl
      (at (xyz 0 0 0))
      (scale (xyz 1 1 1))
      (rotate (xyz 0 0 0))
    )
  )

  (module Resistor_SMD:R_0805_2012Metric_Pad1.20x1.40mm_HandSolder (layer B.Cu) (tedit 5F68FEEE) (tstamp 61F00993)
    (at 73.3 42.7)
    (descr "Resistor SMD 0805 (2012 Metric), square (rectangular) end terminal, IPC_7351 nominal with elongated pad for handsoldering. (Body size source: IPC-SM-782 page 72, https://www.pcb-3d.com/wordpress/wp-content/uploads/ipc-sm-782a_amendment_1_and_2.pdf), generated with kicad-footprint-generator")
    (tags "resistor handsolder")
    (path /61F424DE)
    (attr smd)
    (fp_text reference R-SW1 (at 0 1.65) (layer B.SilkS)
      (effects (font (size 1 1) (thickness 0.15)) (justify mirror))
    )
    (fp_text value 10K (at 0 -1.65) (layer B.Fab)
      (effects (font (size 1 1) (thickness 0.15)) (justify mirror))
    )
    (fp_line (start 1.85 -0.95) (end -1.85 -0.95) (layer B.CrtYd) (width 0.05))
    (fp_line (start 1.85 0.95) (end 1.85 -0.95) (layer B.CrtYd) (width 0.05))
    (fp_line (start -1.85 0.95) (end 1.85 0.95) (layer B.CrtYd) (width 0.05))
    (fp_line (start -1.85 -0.95) (end -1.85 0.95) (layer B.CrtYd) (width 0.05))
    (fp_line (start -0.227064 -0.735) (end 0.227064 -0.735) (layer B.SilkS) (width 0.12))
    (fp_line (start -0.227064 0.735) (end 0.227064 0.735) (layer B.SilkS) (width 0.12))
    (fp_line (start 1 -0.625) (end -1 -0.625) (layer B.Fab) (width 0.1))
    (fp_line (start 1 0.625) (end 1 -0.625) (layer B.Fab) (width 0.1))
    (fp_line (start -1 0.625) (end 1 0.625) (layer B.Fab) (width 0.1))
    (fp_line (start -1 -0.625) (end -1 0.625) (layer B.Fab) (width 0.1))
    (fp_text user %R (at 0 0) (layer B.Fab)
      (effects (font (size 0.5 0.5) (thickness 0.08)) (justify mirror))
    )
    (pad 1 smd roundrect (at -1 0) (size 1.2 1.4) (layers B.Cu B.Paste B.Mask) (roundrect_rratio 0.208333)
      (net 4 VDD))
    (pad 2 smd roundrect (at 1 0) (size 1.2 1.4) (layers B.Cu B.Paste B.Mask) (roundrect_rratio 0.208333)
      (net 20 /BTN_WIFI))
    (model ${KISYS3DMOD}/Resistor_SMD.3dshapes/R_0805_2012Metric.wrl
      (at (xyz 0 0 0))
      (scale (xyz 1 1 1))
      (rotate (xyz 0 0 0))
    )
  )

  (module Resistor_SMD:R_0805_2012Metric_Pad1.20x1.40mm_HandSolder (layer B.Cu) (tedit 5F68FEEE) (tstamp 61F009A4)
    (at 73.3 40.6)
    (descr "Resistor SMD 0805 (2012 Metric), square (rectangular) end terminal, IPC_7351 nominal with elongated pad for handsoldering. (Body size source: IPC-SM-782 page 72, https://www.pcb-3d.com/wordpress/wp-content/uploads/ipc-sm-782a_amendment_1_and_2.pdf), generated with kicad-footprint-generator")
    (tags "resistor handsolder")
    (path /61F543BF)
    (attr smd)
    (fp_text reference R-SW2 (at 0 1.65) (layer B.SilkS)
      (effects (font (size 1 1) (thickness 0.15)) (justify mirror))
    )
    (fp_text value 10K (at 0 -1.65) (layer B.Fab)
      (effects (font (size 1 1) (thickness 0.15)) (justify mirror))
    )
    (fp_text user %R (at 0 0) (layer B.Fab)
      (effects (font (size 0.5 0.5) (thickness 0.08)) (justify mirror))
    )
    (fp_line (start -1 -0.625) (end -1 0.625) (layer B.Fab) (width 0.1))
    (fp_line (start -1 0.625) (end 1 0.625) (layer B.Fab) (width 0.1))
    (fp_line (start 1 0.625) (end 1 -0.625) (layer B.Fab) (width 0.1))
    (fp_line (start 1 -0.625) (end -1 -0.625) (layer B.Fab) (width 0.1))
    (fp_line (start -0.227064 0.735) (end 0.227064 0.735) (layer B.SilkS) (width 0.12))
    (fp_line (start -0.227064 -0.735) (end 0.227064 -0.735) (layer B.SilkS) (width 0.12))
    (fp_line (start -1.85 -0.95) (end -1.85 0.95) (layer B.CrtYd) (width 0.05))
    (fp_line (start -1.85 0.95) (end 1.85 0.95) (layer B.CrtYd) (width 0.05))
    (fp_line (start 1.85 0.95) (end 1.85 -0.95) (layer B.CrtYd) (width 0.05))
    (fp_line (start 1.85 -0.95) (end -1.85 -0.95) (layer B.CrtYd) (width 0.05))
    (pad 2 smd roundrect (at 1 0) (size 1.2 1.4) (layers B.Cu B.Paste B.Mask) (roundrect_rratio 0.208333)
      (net 21 /BTN_PAGE))
    (pad 1 smd roundrect (at -1 0) (size 1.2 1.4) (layers B.Cu B.Paste B.Mask) (roundrect_rratio 0.208333)
      (net 4 VDD))
    (model ${KISYS3DMOD}/Resistor_SMD.3dshapes/R_0805_2012Metric.wrl
      (at (xyz 0 0 0))
      (scale (xyz 1 1 1))
      (rotate (xyz 0 0 0))
    )
  )

  (module Resistor_SMD:R_0805_2012Metric_Pad1.20x1.40mm_HandSolder (layer B.Cu) (tedit 5F68FEEE) (tstamp 61F009B5)
    (at 73.4 44.8)
    (descr "Resistor SMD 0805 (2012 Metric), square (rectangular) end terminal, IPC_7351 nominal with elongated pad for handsoldering. (Body size source: IPC-SM-782 page 72, https://www.pcb-3d.com/wordpress/wp-content/uploads/ipc-sm-782a_amendment_1_and_2.pdf), generated with kicad-footprint-generator")
    (tags "resistor handsolder")
    (path /61F5B027)
    (attr smd)
    (fp_text reference R-SW3 (at 0 1.65) (layer B.SilkS)
      (effects (font (size 1 1) (thickness 0.15)) (justify mirror))
    )
    (fp_text value 10K (at 0 -1.65) (layer B.Fab)
      (effects (font (size 1 1) (thickness 0.15)) (justify mirror))
    )
    (fp_line (start 1.85 -0.95) (end -1.85 -0.95) (layer B.CrtYd) (width 0.05))
    (fp_line (start 1.85 0.95) (end 1.85 -0.95) (layer B.CrtYd) (width 0.05))
    (fp_line (start -1.85 0.95) (end 1.85 0.95) (layer B.CrtYd) (width 0.05))
    (fp_line (start -1.85 -0.95) (end -1.85 0.95) (layer B.CrtYd) (width 0.05))
    (fp_line (start -0.227064 -0.735) (end 0.227064 -0.735) (layer B.SilkS) (width 0.12))
    (fp_line (start -0.227064 0.735) (end 0.227064 0.735) (layer B.SilkS) (width 0.12))
    (fp_line (start 1 -0.625) (end -1 -0.625) (layer B.Fab) (width 0.1))
    (fp_line (start 1 0.625) (end 1 -0.625) (layer B.Fab) (width 0.1))
    (fp_line (start -1 0.625) (end 1 0.625) (layer B.Fab) (width 0.1))
    (fp_line (start -1 -0.625) (end -1 0.625) (layer B.Fab) (width 0.1))
    (fp_text user %R (at 0 0) (layer B.Fab)
      (effects (font (size 0.5 0.5) (thickness 0.08)) (justify mirror))
    )
    (pad 1 smd roundrect (at -1 0) (size 1.2 1.4) (layers B.Cu B.Paste B.Mask) (roundrect_rratio 0.208333)
      (net 4 VDD))
    (pad 2 smd roundrect (at 1 0) (size 1.2 1.4) (layers B.Cu B.Paste B.Mask) (roundrect_rratio 0.208333)
      (net 22 /BTN_SEND))
    (model ${KISYS3DMOD}/Resistor_SMD.3dshapes/R_0805_2012Metric.wrl
      (at (xyz 0 0 0))
      (scale (xyz 1 1 1))
      (rotate (xyz 0 0 0))
    )
  )

  (module Button_Switch_THT:SW_PUSH_6mm (layer F.Cu) (tedit 5A02FE31) (tstamp 61F009D4)
    (at 67.3 33.7 180)
    (descr https://www.omron.com/ecb/products/pdf/en-b3f.pdf)
    (tags "tact sw push 6mm")
    (path /61F542E7)
    (fp_text reference SW-PAGE1 (at 3.25 -2) (layer F.SilkS)
      (effects (font (size 1 1) (thickness 0.15)))
    )
    (fp_text value SW_Push (at 3.75 6.7) (layer F.Fab)
      (effects (font (size 1 1) (thickness 0.15)))
    )
    (fp_text user %R (at 3.25 2.25) (layer F.Fab)
      (effects (font (size 1 1) (thickness 0.15)))
    )
    (fp_line (start 3.25 -0.75) (end 6.25 -0.75) (layer F.Fab) (width 0.1))
    (fp_line (start 6.25 -0.75) (end 6.25 5.25) (layer F.Fab) (width 0.1))
    (fp_line (start 6.25 5.25) (end 0.25 5.25) (layer F.Fab) (width 0.1))
    (fp_line (start 0.25 5.25) (end 0.25 -0.75) (layer F.Fab) (width 0.1))
    (fp_line (start 0.25 -0.75) (end 3.25 -0.75) (layer F.Fab) (width 0.1))
    (fp_line (start 7.75 6) (end 8 6) (layer F.CrtYd) (width 0.05))
    (fp_line (start 8 6) (end 8 5.75) (layer F.CrtYd) (width 0.05))
    (fp_line (start 7.75 -1.5) (end 8 -1.5) (layer F.CrtYd) (width 0.05))
    (fp_line (start 8 -1.5) (end 8 -1.25) (layer F.CrtYd) (width 0.05))
    (fp_line (start -1.5 -1.25) (end -1.5 -1.5) (layer F.CrtYd) (width 0.05))
    (fp_line (start -1.5 -1.5) (end -1.25 -1.5) (layer F.CrtYd) (width 0.05))
    (fp_line (start -1.5 5.75) (end -1.5 6) (layer F.CrtYd) (width 0.05))
    (fp_line (start -1.5 6) (end -1.25 6) (layer F.CrtYd) (width 0.05))
    (fp_line (start -1.25 -1.5) (end 7.75 -1.5) (layer F.CrtYd) (width 0.05))
    (fp_line (start -1.5 5.75) (end -1.5 -1.25) (layer F.CrtYd) (width 0.05))
    (fp_line (start 7.75 6) (end -1.25 6) (layer F.CrtYd) (width 0.05))
    (fp_line (start 8 -1.25) (end 8 5.75) (layer F.CrtYd) (width 0.05))
    (fp_line (start 1 5.5) (end 5.5 5.5) (layer F.SilkS) (width 0.12))
    (fp_line (start -0.25 1.5) (end -0.25 3) (layer F.SilkS) (width 0.12))
    (fp_line (start 5.5 -1) (end 1 -1) (layer F.SilkS) (width 0.12))
    (fp_line (start 6.75 3) (end 6.75 1.5) (layer F.SilkS) (width 0.12))
    (fp_circle (center 3.25 2.25) (end 1.25 2.5) (layer F.Fab) (width 0.1))
    (pad 1 thru_hole circle (at 6.5 0 270) (size 2 2) (drill 1.1) (layers *.Cu *.Mask)
      (net 21 /BTN_PAGE))
    (pad 2 thru_hole circle (at 6.5 4.5 270) (size 2 2) (drill 1.1) (layers *.Cu *.Mask)
      (net 3 GND))
    (pad 1 thru_hole circle (at 0 0 270) (size 2 2) (drill 1.1) (layers *.Cu *.Mask)
      (net 21 /BTN_PAGE))
    (pad 2 thru_hole circle (at 0 4.5 270) (size 2 2) (drill 1.1) (layers *.Cu *.Mask)
      (net 3 GND))
    (model ${KISYS3DMOD}/Button_Switch_THT.3dshapes/SW_PUSH_6mm.wrl
      (at (xyz 0 0 0))
      (scale (xyz 1 1 1))
      (rotate (xyz 0 0 0))
    )
  )

  (module Button_Switch_THT:SW_PUSH_6mm (layer F.Cu) (tedit 5A02FE31) (tstamp 61F009F3)
    (at 67.4 50 180)
    (descr https://www.omron.com/ecb/products/pdf/en-b3f.pdf)
    (tags "tact sw push 6mm")
    (path /61F5AE9F)
    (fp_text reference SW-SEND1 (at 3.25 -2) (layer F.SilkS)
      (effects (font (size 1 1) (thickness 0.15)))
    )
    (fp_text value SW_Push (at 3.75 6.7) (layer F.Fab)
      (effects (font (size 1 1) (thickness 0.15)))
    )
    (fp_circle (center 3.25 2.25) (end 1.25 2.5) (layer F.Fab) (width 0.1))
    (fp_line (start 6.75 3) (end 6.75 1.5) (layer F.SilkS) (width 0.12))
    (fp_line (start 5.5 -1) (end 1 -1) (layer F.SilkS) (width 0.12))
    (fp_line (start -0.25 1.5) (end -0.25 3) (layer F.SilkS) (width 0.12))
    (fp_line (start 1 5.5) (end 5.5 5.5) (layer F.SilkS) (width 0.12))
    (fp_line (start 8 -1.25) (end 8 5.75) (layer F.CrtYd) (width 0.05))
    (fp_line (start 7.75 6) (end -1.25 6) (layer F.CrtYd) (width 0.05))
    (fp_line (start -1.5 5.75) (end -1.5 -1.25) (layer F.CrtYd) (width 0.05))
    (fp_line (start -1.25 -1.5) (end 7.75 -1.5) (layer F.CrtYd) (width 0.05))
    (fp_line (start -1.5 6) (end -1.25 6) (layer F.CrtYd) (width 0.05))
    (fp_line (start -1.5 5.75) (end -1.5 6) (layer F.CrtYd) (width 0.05))
    (fp_line (start -1.5 -1.5) (end -1.25 -1.5) (layer F.CrtYd) (width 0.05))
    (fp_line (start -1.5 -1.25) (end -1.5 -1.5) (layer F.CrtYd) (width 0.05))
    (fp_line (start 8 -1.5) (end 8 -1.25) (layer F.CrtYd) (width 0.05))
    (fp_line (start 7.75 -1.5) (end 8 -1.5) (layer F.CrtYd) (width 0.05))
    (fp_line (start 8 6) (end 8 5.75) (layer F.CrtYd) (width 0.05))
    (fp_line (start 7.75 6) (end 8 6) (layer F.CrtYd) (width 0.05))
    (fp_line (start 0.25 -0.75) (end 3.25 -0.75) (layer F.Fab) (width 0.1))
    (fp_line (start 0.25 5.25) (end 0.25 -0.75) (layer F.Fab) (width 0.1))
    (fp_line (start 6.25 5.25) (end 0.25 5.25) (layer F.Fab) (width 0.1))
    (fp_line (start 6.25 -0.75) (end 6.25 5.25) (layer F.Fab) (width 0.1))
    (fp_line (start 3.25 -0.75) (end 6.25 -0.75) (layer F.Fab) (width 0.1))
    (fp_text user %R (at 3.25 2.25) (layer F.Fab)
      (effects (font (size 1 1) (thickness 0.15)))
    )
    (pad 2 thru_hole circle (at 0 4.5 270) (size 2 2) (drill 1.1) (layers *.Cu *.Mask)
      (net 3 GND))
    (pad 1 thru_hole circle (at 0 0 270) (size 2 2) (drill 1.1) (layers *.Cu *.Mask)
      (net 22 /BTN_SEND))
    (pad 2 thru_hole circle (at 6.5 4.5 270) (size 2 2) (drill 1.1) (layers *.Cu *.Mask)
      (net 3 GND))
    (pad 1 thru_hole circle (at 6.5 0 270) (size 2 2) (drill 1.1) (layers *.Cu *.Mask)
      (net 22 /BTN_SEND))
    (model ${KISYS3DMOD}/Button_Switch_THT.3dshapes/SW_PUSH_6mm.wrl
      (at (xyz 0 0 0))
      (scale (xyz 1 1 1))
      (rotate (xyz 0 0 0))
    )
  )

  (module Button_Switch_THT:SW_PUSH_6mm (layer F.Cu) (tedit 5A02FE31) (tstamp 61F00A12)
    (at 67.4 41.9 180)
    (descr https://www.omron.com/ecb/products/pdf/en-b3f.pdf)
    (tags "tact sw push 6mm")
    (path /61F3FD04)
